% clc;clear all;
aaa=[395;238;130;1];
bbb=[0.3555,0,0,-46.7;0,0.3555,0,-242.2;0,0,0.5,-223.7;0,0,0,1];
c=bbb*aaa;
